29
0 
107 0 
241 148 0 
190 137 374 0 
124 88 171 202 0 
80 127 259 234 61 0 
316 336 509 222 392 386 0 
76 183 317 192 202 141 233 0 
152 134 217 248 46 72 438 213 0 
157 95 232 42 160 167 254 188 206 0 
283 254 491 117 319 351 202 272 365 159 0 
133 180 312 287 112 55 439 193 89 220 404 0 
113 101 280 79 163 157 235 131 209 57 176 210 0 
297 234 391 107 322 331 254 302 368 149 106 384 186 0 
228 175 412 38 240 272 210 233 286 80 79 325 117 69 0 
129 176 349 121 232 226 187 98 278 132 161 279 75 191 122 0 
348 265 422 152 314 362 313 344 360 193 165 415 231 59 122 244 0 
276 199 356 86 287 296 266 289 333 127 141 349 165 35 56 178 66 0 
188 182 355 68 238 232 154 177 284 100 95 285 81 125 56 66 178 112 0 
150 67 204 70 155 164 282 216 201 28 187 217 85 167 108 160 198 132 128 0 
65 42 182 137 65 85 321 141 111 95 254 138 92 255 175 161 286 220 167 88 0 
341 278 435 151 366 375 298 346 412 193 103 428 230 44 113 235 77 79 169 211 299 0 
184 271 417 239 300 249 168 108 321 241 279 310 184 309 240 118 362 296 179 269 229 353 0 
67 146 292 135 175 147 249 57 221 131 215 200 74 245 176 62 287 232 120 159 104 289 121 0 
221 251 424 137 307 301 95 190 353 169 117 354 150 169 125 92 228 181 69 197 236 213 162 154 0 
169 105 116 242 57 118 437 245 72 200 359 169 208 327 280 277 358 292 283 172 110 371 345 220 352 0 
108 191 337 165 220 188 190 43 266 161 216 241 104 246 177 55 299 233 121 189 149 290 80 41 147 265 0 
45 139 273 228 121 60 314 81 132 189 308 112 158 335 266 155 380 314 213 182 97 379 189 93 247 178 124 0 
167 79 77 205 97 185 435 243 111 163 322 238 206 288 243 275 319 253 281 135 108 332 342 218 350 39 263 199 0 
