51
0 
12 0 
19 15 0 
31 37 50 0 
22 21 36 20 0 
17 28 35 21 25 0 
23 35 35 37 40 16 0 
12 22 21 38 33 18 14 0 
24 16 31 33 12 34 46 36 0 
34 28 43 31 14 40 54 46 12 0 
12 11 25 27 11 22 33 24 13 22 0 
21 25 38 13 9 18 34 30 21 23 14 0 
42 50 61 15 35 27 40 45 48 46 40 27 0 
27 38 46 18 30 10 22 28 41 44 30 21 18 0 
36 35 51 19 15 34 51 46 23 16 26 17 32 35 0 
19 9 23 35 16 32 41 30 8 20 10 23 50 40 30 0 
31 34 48 8 15 25 41 39 27 24 23 10 22 24 11 31 0 
28 36 47 8 23 15 30 32 35 36 26 14 14 10 25 36 14 0 
46 51 64 15 32 35 50 52 44 39 40 26 14 29 23 48 17 20 0 
21 12 8 49 33 38 40 26 25 37 23 37 62 48 47 18 46 47 63 0 
27 15 24 45 25 41 50 37 13 24 20 33 59 50 37 10 40 46 57 17 0 
7 11 12 38 27 23 26 12 26 37 16 27 49 34 41 19 37 35 53 15 25 0 
22 34 37 31 36 11 6 16 43 50 31 29 34 16 46 39 36 24 44 41 48 26 0 
29 41 46 29 39 14 14 25 48 53 36 30 27 11 46 45 35 21 39 49 55 34 9 0 
33 43 52 18 34 17 27 34 45 47 35 25 13 6 36 45 25 11 26 54 55 40 21 14 0 
19 29 25 43 40 22 11 7 43 53 31 36 48 30 53 37 45 36 57 32 44 19 16 25 36 0 
8 19 27 24 21 9 20 14 27 34 14 16 34 19 33 23 25 20 39 29 33 15 17 22 25 20 0 
16 19 9 47 37 30 26 13 35 47 26 37 57 40 51 28 47 43 62 17 31 10 29 38 46 16 23 0 
21 9 17 44 25 37 44 30 16 28 17 31 58 46 39 9 40 44 57 10 7 18 43 50 52 37 28 24 0 
33 24 37 38 18 42 55 44 8 9 21 27 53 48 25 15 31 41 47 31 16 34 52 56 52 51 35 43 21 0 
17 23 16 46 39 27 21 9 39 50 28 37 54 37 53 32 47 41 61 23 37 13 24 34 43 10 22 6 30 47 0 
6 11 23 27 16 17 27 17 19 28 6 16 39 26 30 15 25 25 41 22 24 12 25 31 32 25 8 22 20 28 23 0 
43 39 54 31 21 45 60 54 24 12 31 27 44 47 12 32 23 37 33 49 36 47 56 57 48 61 41 57 40 21 60 37 0 
31 20 32 42 21 42 53 42 9 16 21 30 57 50 30 12 35 44 52 25 9 31 51 56 54 49 34 38 15 7 43 26 27 0 
27 19 10 56 40 44 45 31 32 43 30 44 69 54 54 24 53 54 70 7 21 21 46 55 60 35 35 19 16 36 26 29 55 30 0 
31 24 12 61 45 47 46 33 38 49 35 49 73 58 59 30 58 58 75 13 27 24 49 58 64 36 39 20 22 42 26 34 61 36 6 0 
30 32 47 13 11 27 44 40 23 19 21 10 27 28 7 28 5 19 21 44 36 36 38 38 30 46 26 46 37 26 47 25 18 31 51 56 0 
19 15 30 27 7 27 40 30 7 15 7 14 41 34 21 9 22 28 39 26 18 22 36 41 38 38 20 32 18 15 35 13 25 16 33 38 18 0 
43 35 49 41 24 50 64 55 19 10 31 33 55 54 23 27 33 46 46 43 27 45 60 63 57 62 44 54 33 12 58 37 14 18 48 54 28 24 0 
56 62 75 25 42 44 58 62 54 48 51 37 19 37 33 59 28 30 11 74 67 63 52 46 32 66 49 72 68 57 71 52 41 62 81 86 31 49 55 0 
44 50 63 13 33 32 47 50 45 41 40 26 9 25 26 48 18 17 5 62 58 51 40 35 21 54 37 60 57 49 59 40 37 53 69 74 23 39 49 12 0 
45 48 62 16 28 37 53 53 39 32 37 24 22 33 16 44 14 23 9 60 52 51 47 44 31 58 39 61 53 41 61 40 25 46 67 72 16 35 38 16 13 0 
34 46 47 41 49 23 12 26 56 63 44 41 39 23 57 52 47 33 52 52 61 38 13 12 26 22 30 38 55 65 32 38 68 64 57 58 50 49 73 58 47 56 0 
38 39 54 15 18 33 50 47 28 22 29 17 27 32 6 34 9 22 17 51 42 44 44 43 33 53 33 54 43 30 54 32 17 36 58 63 7 25 29 27 20 10 55 0 
42 40 56 25 20 41 57 53 26 16 31 23 37 42 7 34 18 32 26 51 39 47 52 52 43 59 39 57 42 25 59 36 7 32 58 64 14 26 21 34 30 18 64 10 0 
14 20 32 18 12 14 28 23 21 26 10 7 30 20 23 20 17 16 32 31 30 21 24 27 25 29 9 30 28 29 30 9 32 30 38 43 17 14 36 43 31 31 37 24 30 0 
23 29 42 8 15 16 32 31 27 28 19 6 21 16 19 28 9 8 22 41 38 30 27 26 19 36 17 39 37 33 39 19 30 36 48 53 12 20 38 33 21 22 38 18 26 10 0 
12 25 28 29 29 9 11 9 35 43 22 24 36 18 41 30 32 23 44 32 39 17 9 17 25 13 9 22 34 43 18 16 50 42 38 40 34 28 52 53 41 45 22 40 47 17 23 0 
26 21 36 28 8 33 47 38 6 8 14 17 43 39 17 14 22 31 38 31 20 30 43 47 42 45 27 39 22 10 42 21 18 14 38 44 17 8 17 48 40 32 56 22 20 19 23 35 0 
24 14 27 38 17 36 47 35 6 17 15 25 52 44 29 6 32 39 49 21 8 24 45 50 49 42 28 33 11 10 37 20 29 6 27 33 28 11 22 60 50 44 58 34 32 24 31 36 12 0 
14 21 33 17 14 11 26 22 23 28 12 8 29 18 25 22 17 15 32 32 32 21 22 25 23 28 8 30 29 31 30 10 34 32 39 44 18 16 38 42 30 31 35 25 31 2 9 16 22 26 0 
