100
0 
1693 0 
2252 1708 0 
1104 2403 3333 0 
2523 1186 1074 3447 0 
397 2057 2623 822 2919 0 
1447 1392 811 2538 1424 1812 0 
425 1620 2502 851 2606 534 1725 0 
1424 1343 829 2512 1400 1794 50 1693 0 
749 2442 2794 1030 3218 436 1989 970 1981 0 
902 2359 2265 1695 2883 907 1511 1307 1519 721 0 
1547 1606 782 2649 1553 1892 216 1859 266 2025 1483 0 
2554 970 1533 3362 502 2941 1709 2554 1674 3287 3056 1876 0 
2378 1662 221 3442 891 2758 963 2600 972 2952 2450 969 1370 0 
1015 2446 2280 1794 2934 1015 1545 1421 1556 802 113 1501 3122 2471 0 
1259 2831 3482 625 3770 867 2671 1211 2655 770 1488 2736 3756 3623 1561 0 
1018 2455 2293 1789 2947 1012 1558 1422 1569 795 115 1514 3134 2484 13 1552 0 
1167 2837 3286 929 3681 782 2481 1257 2471 493 1161 2518 3720 3443 1219 399 1209 0 
814 2310 3066 372 3277 474 2260 691 2238 664 1324 2352 3243 3190 1422 523 1417 671 0 
1405 1603 934 2508 1656 1744 242 1729 281 1871 1334 154 1951 1116 1356 2585 1369 2365 2206 0 
885 2502 2582 1445 3135 737 1806 1228 1808 420 349 1800 3268 2760 402 1162 393 818 1075 1648 0 
1330 2897 3552 661 3840 937 2740 1277 2724 830 1545 2804 3824 3692 1615 70 1606 432 588 2653 1215 0 
882 1921 1703 1928 2329 1111 942 1295 951 1137 569 921 2532 1884 607 1886 619 1625 1584 770 879 1951 0 
1206 2895 3246 1101 3692 843 2448 1351 2442 474 1060 2470 3755 3411 1106 578 1095 181 819 2316 711 605 1560 0 
1194 893 1184 2204 1344 1590 556 1355 506 1875 1592 768 1464 1255 1661 2452 1672 2341 1982 730 1810 2523 1083 2348 0 
1511 2671 3717 417 3765 1239 2931 1216 2902 1416 2102 3050 3640 3816 2198 840 2193 1218 780 2912 1836 842 2345 1399 2567 0 
1572 1737 846 2675 1676 1900 346 1905 395 2003 1427 136 2009 1047 1436 2730 1449 2496 2366 181 1754 2798 878 2438 885 3081 0 
416 1363 1856 1478 2114 811 1062 671 1034 1118 1026 1188 2170 1972 1125 1675 1133 1568 1219 1058 1139 1745 749 1588 779 1869 1235 0 
2081 1501 214 3150 973 2458 663 2313 671 2652 2159 686 1397 301 2183 3322 2196 3143 2893 827 2464 3392 1591 3111 980 3529 778 1677 0 
2145 1191 592 3152 553 2539 895 2302 878 2793 2391 1005 957 482 2432 3404 2445 3272 2937 1117 2665 3474 1826 3264 955 3505 1125 1729 441 0 
887 1592 2770 844 2701 944 2041 465 2003 1366 1771 2201 2561 2839 1884 1388 1885 1549 889 2086 1671 1443 1740 1677 1588 1079 2266 1050 2568 2482 0 
790 2166 2087 1697 2683 881 1320 1211 1325 796 202 1304 2854 2267 280 1563 289 1270 1332 1153 497 1624 383 1191 1391 2111 1258 851 1973 2194 1675 0 
2641 1069 1533 3459 475 3029 1756 2648 1723 3371 3127 1916 101 1361 3191 3849 3202 3808 3337 1997 3344 3917 2597 3841 1537 3739 2047 2254 1409 970 2660 2925 0 
1804 1451 448 2887 1178 2175 367 2060 381 2356 1859 395 1543 598 1885 3036 1898 2848 2618 530 2164 3105 1291 2813 774 3273 504 1409 301 625 2345 1673 1572 0 
1576 1893 983 2674 1851 1880 509 1934 556 1945 1329 312 2187 1193 1326 2688 1339 2433 2351 293 1667 2754 808 2364 1023 3085 178 1273 938 1300 2318 1174 2226 676 0 
1173 2858 3047 1336 3569 877 2266 1410 2266 441 804 2265 3673 3223 831 877 819 479 1008 2113 466 911 1345 313 2232 1670 2220 1508 2926 3114 1794 963 3753 2626 2131 0 
2518 1143 1133 3428 69 2914 1454 2590 1428 3220 2900 1589 433 955 2953 3761 2965 3679 3265 1688 3146 3831 2348 3694 1347 3741 1714 2112 1025 598 2673 2699 408 1220 1891 3576 0 
1225 2917 3216 1190 3689 878 2423 1397 2419 478 1005 2437 3765 3385 1043 674 1031 277 896 2284 657 700 1522 96 2346 1494 2400 1595 3086 3251 1740 1146 3849 2787 2320 228 3692 0 
2102 961 851 3061 437 2499 1006 2213 977 2787 2447 1155 733 741 2499 3356 2511 3254 2872 1244 2698 3426 1894 3260 914 3396 1284 1690 684 261 2349 2246 764 809 1462 3133 454 3255 0 
1358 337 1731 2087 1413 1720 1259 1289 1209 2107 2053 1474 1275 1727 2144 2499 2153 2500 1980 1440 2179 2565 1648 2558 711 2373 1595 1042 1517 1291 1298 1864 1372 1401 1733 2526 1381 2582 1105 0 
2698 1984 451 3771 1079 3071 1261 2934 1277 3244 2705 1228 1580 344 2716 3932 2729 3737 3511 1381 3027 4001 2148 3695 1594 4150 1280 2297 621 794 3180 2531 1552 896 1400 3493 1148 3664 1038 2066 0 
661 1536 2592 868 2594 764 1844 248 1808 1198 1554 1996 2494 2672 1667 1334 1668 1438 813 1876 1474 1395 1511 1549 1417 1173 2055 829 2394 2338 229 1452 2591 2159 2101 1635 2572 1603 2223 1220 3011 0 
2251 1835 171 3343 1245 2610 805 2524 832 2756 2196 731 1701 379 2203 3462 2216 3249 3063 885 2522 3531 1644 3199 1242 3735 769 1866 338 755 2816 2026 1703 471 885 2988 1304 3165 1010 1833 515 2629 0 
1668 257 1452 2479 1007 2051 1165 1661 1117 2410 2253 1377 895 1410 2332 2862 2342 2832 2349 1387 2427 2930 1778 2874 708 2776 1510 1301 1244 944 1703 2055 988 1200 1672 2809 975 2888 727 407 1736 1614 1578 0 
923 2124 1896 1895 2548 1074 1154 1347 1165 1017 370 1115 2752 2083 391 1784 404 1491 1536 967 705 1845 221 1408 1300 2312 1057 885 1794 2042 1806 222 2817 1495 962 1169 2569 1360 2114 1841 2336 1578 1826 1990 0 
2115 1636 139 3198 1107 2484 672 2369 691 2654 2130 647 1542 330 2147 3343 2160 3147 2928 798 2446 3412 1567 3107 1062 3583 718 1720 148 586 2645 1951 1551 311 863 2910 1162 3078 832 1637 590 2463 198 1380 1762 0 
429 1933 2139 1395 2592 574 1333 850 1325 656 485 1375 2703 2296 595 1367 599 1148 1046 1222 571 1434 538 1120 1254 1812 1364 571 1995 2147 1314 361 2781 1700 1324 978 2599 1105 2157 1613 2589 1090 2105 1856 515 1999 0 
2523 1596 507 3556 652 2911 1165 2707 1164 3136 2673 1207 1151 288 2701 3779 2714 3623 3326 1346 2971 3849 2104 3601 1352 3916 1299 2109 522 427 2904 2484 1127 816 1455 3429 720 3581 635 1716 433 2754 667 1357 2310 599 2482 0 
442 2094 2670 785 2964 47 1859 553 1841 421 931 1938 2982 2805 1037 820 1034 743 432 1790 745 890 1152 811 1636 1202 1945 857 2506 2585 949 913 3071 2222 1924 858 2959 849 2545 1758 3118 777 2657 2091 1110 2531 614 2958 0 
1707 416 1293 2569 887 2096 1052 1737 1006 2437 2232 1259 850 1248 2305 2925 2316 2874 2419 1282 2427 2994 1734 2906 651 2879 1394 1320 1086 784 1814 2031 935 1056 1561 2825 862 2915 574 536 1575 1710 1421 162 1950 1223 1858 1199 2139 0 
1129 1147 1138 2196 1498 1514 383 1365 342 1750 1392 571 1675 1251 1451 2381 1463 2231 1939 502 1638 2451 857 2221 254 2579 671 722 955 1043 1662 1190 1741 695 791 2077 1511 2209 1061 949 1576 1469 1162 960 1077 1004 1105 1399 1561 891 0 
2474 1302 823 3448 259 2870 1263 2599 1247 3142 2757 1367 755 634 2800 3731 2813 3616 3253 1483 3027 3802 2193 3614 1280 3784 1482 2059 743 369 2737 2560 733 978 1654 3472 326 3605 389 1481 826 2611 994 1089 2410 868 2501 396 2916 945 1396 0 
1010 2577 3246 498 3516 624 2435 958 2417 617 1334 2509 3501 3382 1419 256 1412 433 280 2359 1035 325 1683 604 2201 825 2510 1426 3082 3154 1165 1383 3593 2799 2477 849 3506 692 3103 2245 3695 1093 3231 2606 1600 3107 1153 3533 577 2669 2136 3479 0 
1394 331 1828 2072 1468 1745 1362 1293 1312 2142 2118 1577 1296 1819 2212 2504 2221 2522 1982 1542 2232 2570 1729 2587 813 2344 1697 1099 1614 1376 1265 1933 1395 1504 1835 2566 1433 2614 1180 104 2156 1205 1932 463 1918 1736 1670 1799 1781 607 1049 1550 2251 0 
1708 1529 567 2802 1343 2068 264 1989 298 2227 1707 230 1694 743 1728 2923 1741 2720 2520 373 2019 2991 1141 2679 771 3195 335 1326 456 791 2300 1525 1727 169 509 2482 1383 2649 963 1443 1017 2105 543 1285 1340 429 1573 977 2115 1151 638 1147 2690 1547 0 
795 1903 2917 500 2962 698 2145 421 2113 1079 1592 2279 2864 3009 1703 1021 1701 1198 530 2149 1432 1076 1677 1337 1757 813 2324 1091 2724 2692 367 1534 2961 2476 2349 1485 2941 1407 2586 1589 3345 370 2943 1984 1699 2785 1185 3104 687 2079 1782 2974 802 1572 2409 0 
1360 1400 903 2454 1500 1722 93 1647 100 1896 1422 241 1768 1056 1458 2580 1470 2388 2172 204 1714 2649 853 2355 536 2849 350 980 756 978 1973 1229 1819 460 493 2173 1527 2330 1076 1246 1353 1772 891 1183 1066 763 1240 1256 1769 1079 330 1346 2345 1348 348 2067 0 
718 1161 1572 1763 1818 1113 800 930 766 1402 1200 955 1900 1679 1285 1978 1295 1863 1518 844 1372 2048 785 1875 478 2144 1025 303 1387 1426 1246 1005 1980 1129 1097 1773 1819 1876 1391 868 2008 1044 1595 1058 973 1439 803 1809 1159 1055 435 1758 1728 945 1063 1348 728 0 
1031 2626 2626 1573 3222 886 1867 1379 1872 543 361 1844 3372 2810 370 1248 358 880 1206 1695 151 1296 927 749 1909 1956 1788 1265 2518 2740 1822 547 3446 2218 1687 462 3235 679 2785 2307 3067 1625 2557 2542 731 2491 694 3030 892 2535 1725 3104 1143 2362 2067 1579 1776 1485 0 
1152 1851 1378 2235 2088 1429 666 1539 688 1481 888 599 2343 1568 903 2226 916 1970 1902 456 1216 2292 345 1905 964 2650 539 911 1283 1561 1956 719 2398 986 464 1682 2115 1864 1663 1621 1817 1730 1308 1671 519 1244 865 1802 1472 1598 711 1929 2018 1714 827 1942 588 826 1250 0 
1043 1006 1275 2076 1506 1438 562 1233 517 1713 1432 756 1626 1367 1503 2303 1514 2181 1841 687 1646 2373 934 2186 165 2449 857 628 1081 1101 1501 1230 1700 844 974 2067 1510 2182 1074 780 1701 1317 1315 845 1148 1147 1090 1486 1484 803 186 1435 2053 877 808 1644 515 325 1746 847 0 
1260 1803 1228 2353 1965 1556 542 1631 570 1626 1039 452 2240 1420 1052 2365 1065 2116 2028 316 1366 2432 493 2053 909 2766 388 982 1138 1431 2032 870 2292 844 325 1832 1995 2014 1547 1594 1666 1810 1157 1608 669 1095 1000 1659 1600 1523 656 1798 2153 1691 681 2041 473 851 1400 151 814 0 
288 1979 2474 974 2800 157 1663 554 1645 465 792 1738 2841 2613 903 1010 902 883 631 1589 674 1080 956 918 1463 1391 1744 686 2312 2405 1001 743 2927 2027 1722 898 2797 938 2375 1644 2923 800 2458 1956 928 2335 421 2772 202 1993 1373 2742 773 1677 1917 801 1572 985 825 1272 1307 1398 0 
1366 332 1651 2131 1350 1736 1187 1321 1137 2114 2032 1403 1234 1648 2121 2528 2130 2517 2012 1374 2170 2595 1611 2570 644 2426 1526 1032 1437 1213 1354 1841 1330 1323 1667 2527 1321 2590 1031 80 1986 1265 1753 350 1808 1556 1601 1639 1775 467 887 1410 2273 181 1367 1635 1178 838 2295 1570 725 1537 1653 0 
1250 2527 3480 147 3584 960 2686 994 2659 1137 1819 2796 3489 3588 1915 631 1910 978 497 2655 1556 652 2069 1156 2348 283 2821 1625 3296 3295 951 1829 3587 3033 2819 1412 3564 1248 3201 2215 3918 996 3491 2610 2031 3344 1534 3700 922 2703 2342 3588 562 2196 2949 626 2602 1909 1678 2379 2222 2498 1114 2261 0 
1286 2618 3529 216 3661 970 2730 1061 2705 1102 1801 2833 3578 3643 1893 534 1887 899 497 2690 1523 549 2081 1080 2410 323 2853 1673 3349 3361 1053 1823 3675 3082 2844 1347 3643 1173 3273 2303 3970 1084 3535 2695 2030 3393 1543 3762 929 2784 2394 3660 502 2287 2992 716 2644 1963 1639 2398 2279 2521 1127 2347 115 0 
593 1103 1872 1502 1971 974 1131 651 1092 1341 1325 1296 1967 1958 1425 1803 1432 1754 1306 1188 1416 1872 1030 1799 706 1861 1369 301 1676 1650 910 1152 2056 1439 1440 1755 1960 1818 1568 771 2295 720 1910 1077 1181 1743 859 2056 1015 1125 752 1951 1547 817 1390 1051 1064 345 1549 1141 597 1183 881 774 1645 1711 0 
1618 711 1021 2575 906 2014 741 1726 697 2315 2027 943 1033 1014 2091 2869 2102 2775 2383 977 2254 2939 1499 2789 445 2916 1079 1208 808 602 1883 1825 1100 742 1249 2676 905 2788 489 715 1354 1745 1134 458 1719 936 1699 1028 2059 320 642 873 2615 809 831 2104 777 914 2351 1324 609 1236 1894 634 2716 2787 1079 0 
1241 573 1424 2133 1317 1631 895 1289 845 1973 1808 1110 1314 1451 1889 2464 1899 2408 1963 1077 1979 2533 1350 2441 347 2463 1230 859 1211 1062 1423 1611 1400 1061 1370 2366 1302 2452 933 364 1794 1290 1510 448 1556 1318 1408 1486 1673 466 591 1321 2209 467 1089 1653 882 610 2095 1283 435 1244 1527 297 2271 2346 662 460 0 
1387 2887 3631 554 3869 1008 2820 1276 2801 970 1691 2896 3829 3763 1767 215 1759 612 592 2746 1371 186 2067 788 2569 669 2897 1799 3464 3524 1381 1756 3924 3183 2864 1090 3857 884 3463 2561 4079 1362 3618 2936 1976 3492 1539 3908 961 3010 2515 3843 388 2557 3076 1018 2730 2101 1460 2403 2425 2539 1159 2596 512 400 1898 2974 2555 0 
2635 1902 401 3704 1007 3011 1205 2865 1219 3192 2665 1183 1507 268 2678 3874 2691 3685 3448 1335 2983 3943 2104 3646 1522 4081 1242 2232 555 711 3106 2488 1481 839 1370 3448 1076 3617 955 1985 83 2939 490 1654 2295 539 2536 357 3058 1493 1511 752 3635 2074 967 3275 1298 1942 3026 1777 1632 1627 2864 1905 3851 3904 2224 1274 1716 4018 0 
802 2459 2640 1293 3145 604 1851 1114 1848 270 467 1861 3255 2811 538 1023 530 697 924 1708 152 1079 947 614 1809 1685 1825 1099 2513 2691 1546 577 3334 2213 1750 424 3153 576 2709 2131 3088 1356 2589 2399 797 2503 555 3012 608 2408 1653 3049 886 2177 2074 1294 1758 1355 288 1291 1644 1440 562 2127 1404 1372 1361 2254 1953 1229 3041 0 
1531 462 1287 2416 1031 1923 935 1577 886 2259 2055 1148 1028 1274 2130 2757 2140 2699 2255 1154 2247 2826 1564 2729 484 2738 1280 1142 1075 839 1682 1855 1112 995 1440 2645 1013 2737 670 455 1611 1565 1400 233 1778 1202 1678 1265 1966 180 732 1056 2501 545 1067 1932 951 875 2356 1443 630 1377 1816 376 2553 2631 955 267 293 2846 1530 2228 0 
942 2544 2583 1508 3157 803 1814 1291 1818 481 329 1800 3298 2764 365 1211 354 857 1138 1649 66 1262 880 741 1838 1897 1750 1182 2470 2681 1736 496 3374 2169 1656 476 3169 680 2719 2223 3026 1537 2519 2464 695 2447 611 2979 811 2460 1659 3044 1091 2278 2021 1498 1723 1407 89 1211 1674 1362 738 2213 1617 1582 1463 2280 2016 1421 2983 215 2280 0 
628 2076 2870 477 3049 374 2070 457 2045 712 1280 2175 3010 2987 1386 756 1384 854 234 2033 1084 821 1459 979 1765 890 2199 1015 2692 2720 697 1253 3104 2423 2197 1115 3036 1044 2648 1746 3312 591 2875 2116 1441 2734 931 3114 349 2188 1737 3030 506 1749 2332 370 1985 1309 1227 1760 1629 1877 513 1778 623 660 1080 2159 1734 822 3247 940 2025 1150 0 
2649 1045 1615 3444 564 3034 1811 2641 1776 3384 3158 1976 103 1446 3225 3846 3236 3815 3331 2052 3368 3914 2634 3852 1566 3716 2108 2267 1486 1046 2637 2956 92 1639 2287 3771 496 3862 830 1358 1642 2576 1785 985 2854 1629 2802 1216 3076 947 1777 822 3591 1374 1791 2945 1870 2000 3473 2445 1728 2342 2936 1320 3570 3660 2061 1136 1410 3916 1571 3354 1126 3399 3098 0 
1048 1664 1333 2148 1958 1361 560 1412 570 1470 951 556 2187 1507 986 2190 999 1963 1830 402 1253 2257 382 1914 781 2558 541 760 1212 1447 1810 762 2246 912 528 1716 1980 1883 1526 1430 1781 1589 1286 1489 596 1195 824 1723 1407 1422 532 1815 1969 1523 767 1824 471 643 1308 191 658 221 1205 1379 2293 2321 968 1160 1094 2357 1734 1307 1263 1258 1671 2290 0 
2442 1262 833 3412 242 2839 1246 2563 1228 3113 2735 1355 730 649 2779 3699 2792 3586 3219 1468 3003 3769 2172 3586 1249 3748 1472 2028 742 352 2699 2537 713 969 1645 3446 306 3577 352 1442 854 2575 1004 1049 2390 872 2474 422 2885 906 1370 40 3447 1510 1137 2938 1327 1727 3081 1912 1405 1782 2711 1371 3552 3624 1917 838 1285 3810 779 3023 1018 3020 2996 800 1795 0 
1008 2647 3193 718 3531 612 2383 1048 2369 454 1173 2438 3548 3340 1249 316 1241 230 441 2286 853 377 1575 386 2198 1043 2428 1420 3039 3142 1321 1248 3637 2749 2380 628 3526 472 3109 2311 3644 1218 3167 2655 1469 3054 1064 3506 568 2706 2108 3478 223 2328 2630 969 2291 1720 948 1917 2043 2058 737 2333 785 720 1581 2626 2240 518 3588 711 2533 905 629 3640 1888 3447 0 
863 1670 2812 758 2768 886 2071 439 2035 1302 1734 2226 2638 2886 1846 1301 1847 1469 806 2107 1619 1356 1729 1600 1632 1003 2286 1060 2612 2538 87 1646 2737 2382 2332 1725 2743 1665 2411 1371 3227 231 2853 1774 1786 2685 1286 2958 888 1882 1695 2800 1081 1341 2332 281 2001 1273 1770 1958 1539 2040 954 1424 867 967 944 1941 1482 1293 3153 1491 1746 1685 621 2715 1819 2762 1240 0 
1220 843 1193 2216 1310 1616 594 1366 544 1909 1638 807 1419 1255 1708 2476 1719 2371 2001 775 1852 2546 1133 2382 51 2575 927 806 986 938 1584 1437 1493 793 1068 2270 1311 2381 884 667 1596 1419 1258 657 1349 1074 1293 1341 1662 601 305 1255 2224 770 800 1764 579 508 1953 1015 207 960 1492 599 2359 2424 715 407 303 2590 1522 1848 433 1881 1782 1521 832 1223 2226 1631 0 
2186 570 1531 2965 704 2567 1509 2164 1467 2927 2746 1700 400 1415 2820 3371 2831 3349 2855 1748 2935 3438 2247 3392 1164 3240 1837 1816 1355 942 2162 2546 499 1424 2011 3324 646 3406 681 879 1688 2097 1687 518 2463 1504 2365 1261 2608 515 1398 895 3116 897 1552 2466 1551 1563 3046 2097 1318 2012 2474 843 3091 3181 1595 776 958 3438 1608 2912 691 2970 2621 479 1926 858 3170 2238 1114 0 
1716 1513 553 2808 1319 2078 270 1993 300 2241 1725 251 1671 726 1747 2934 1760 2733 2528 391 2035 3003 1159 2693 764 3201 358 1332 436 768 2300 1542 1704 146 532 2499 1360 2665 940 1432 1004 2107 536 1268 1359 414 1586 957 2125 1133 638 1124 2700 1535 23 2412 356 1066 2085 846 806 702 1927 1355 2955 2999 1390 814 1078 3086 952 2090 1052 2038 2339 1769 783 1113 2642 2333 792 1531 0 
888 2581 2913 1061 3355 561 2112 1092 2106 140 781 2140 3427 3076 848 715 839 387 711 1987 448 768 1240 339 2011 1427 2114 1257 2775 2925 1472 883 3511 2478 2047 322 3357 339 2923 2246 3363 1314 2871 2550 1104 2774 782 3264 539 2577 1882 3276 606 2280 2346 1167 2019 1540 540 1585 1849 1732 604 2254 1154 1107 1480 2453 2113 924 3313 314 2399 497 797 3523 1585 3247 409 1404 2046 3067 2360 0 
1734 832 881 2713 805 2131 714 1862 676 2415 2089 900 1003 863 2146 2990 2158 2883 2511 956 2332 3060 1545 2889 542 3059 1036 1320 670 451 2032 1888 1058 644 1211 2764 814 2884 372 864 1202 1889 1002 576 1766 804 1787 876 2176 421 698 742 2738 957 756 2246 767 1021 2422 1340 703 1238 2005 785 2854 2923 1212 153 611 3101 1121 2340 412 2355 2289 1105 1189 709 2740 2088 514 801 736 2551 0 
1508 1752 927 2611 1738 1830 369 1850 415 1926 1346 186 2060 1126 1355 2657 1368 2418 2298 155 1674 2724 799 2359 884 3019 81 1182 854 1190 2220 1177 2101 574 141 2140 1775 2321 1340 1595 1361 2006 850 1531 976 798 1290 1376 1876 1421 657 1550 2438 1697 405 2268 352 985 1707 459 842 308 1674 1528 2757 2787 1330 1110 1231 2825 1323 1746 1300 1669 2134 2160 469 1539 2353 2238 929 1875 428 2035 1077 0 
1255 1219 1001 2332 1442 1634 238 1506 195 1848 1442 436 1661 1124 1492 2499 1504 2334 2068 390 1709 2569 887 2316 340 2719 547 855 826 957 1808 1243 1720 555 683 2157 1461 2299 1007 1051 1443 1615 1018 1011 1108 865 1196 1288 1681 922 146 1319 2258 1153 492 1924 198 576 1786 686 324 602 1489 984 2479 2528 898 639 687 2639 1380 1736 779 1725 1870 1764 527 1295 2221 1841 385 1413 492 1977 662 544 0 
1219 2806 3435 644 3735 825 2624 1188 2609 713 1430 2686 3728 3577 1503 58 1494 346 507 2535 1104 119 1832 526 2413 882 2680 1635 3277 3363 1383 1507 3819 2989 2636 822 3727 622 3319 2473 3885 1320 3413 2833 1728 3296 1316 3736 779 2893 2337 3693 230 2481 2875 1017 2533 1937 1190 2173 2262 2313 965 2501 662 571 1770 2832 2431 272 3828 965 2724 1153 736 3818 2139 3661 259 1298 2438 3343 2886 656 2952 2605 2455 0 
806 1420 2587 992 2516 943 1867 416 1828 1377 1707 2033 2386 2653 1820 1495 1822 1615 980 1922 1644 1554 1622 1729 1404 1256 2102 905 2384 2295 188 1594 2485 2165 2162 1815 2490 1783 2162 1118 2995 180 2636 1521 1707 2463 1235 2717 957 1629 1486 2550 1259 1090 2124 495 1802 1079 1795 1817 1321 1884 970 1171 1110 1206 738 1695 1235 1510 2920 1530 1495 1707 764 2464 1663 2512 1393 253 1399 1987 2124 1494 1844 2059 1633 1485 0 
644 2302 2842 747 3166 249 2031 739 2016 300 954 2097 3190 2985 1049 640 1044 535 376 1946 700 709 1267 612 1834 1149 2095 1055 2684 2779 1092 979 3279 2396 2060 703 3162 660 2745 1965 3292 945 2822 2299 1192 2703 736 3146 208 2346 1747 3114 417 1987 2282 786 1940 1356 834 1600 1679 1736 374 1983 866 848 1223 2261 1880 804 3235 550 2172 764 416 3283 1554 3083 365 1023 1861 2816 2294 382 2375 2022 1862 593 1125 0 
753 1978 1885 1760 2468 939 1109 1176 1113 945 415 1104 2644 2061 479 1697 490 1433 1409 951 699 1761 192 1371 1182 2177 1067 710 1766 1979 1632 215 2714 1465 1000 1162 2484 1334 2031 1686 2332 1404 1831 1856 179 1748 366 2274 978 1827 976 2345 1497 1760 1320 1538 1018 820 760 537 1024 684 787 1657 1899 1906 1007 1614 1416 1880 2286 759 1651 705 1296 2746 554 2322 1385 1614 1229 2341 1337 1049 1674 988 1028 1643 1530 1082 0 
303 1769 2515 819 2701 329 1719 206 1693 765 1128 1833 2682 2629 1240 1075 1241 1077 577 1694 1027 1144 1181 1159 1408 1218 1864 660 2335 2363 649 1049 2774 2068 1875 1206 2690 1201 2295 1434 2956 447 2524 1788 1205 2380 693 2756 352 1850 1380 2676 820 1449 1982 497 1635 951 1178 1455 1270 1561 353 1458 966 1014 730 1806 1390 1168 2891 909 1683 1091 358 2773 1347 2642 878 606 1425 2299 1989 890 1934 1803 1514 1045 621 548 1042 0 
413 1400 1846 1491 2129 804 1047 697 1021 1096 982 1166 2195 1967 1081 1670 1088 1552 1223 1033 1102 1741 702 1568 790 1887 1208 48 1670 1734 1087 805 2278 1398 1241 1480 2128 1572 1702 1081 2289 864 1852 1331 838 1709 533 2110 851 1346 716 2069 1423 1140 1310 1116 963 311 1227 871 634 946 673 1068 1639 1684 347 1223 887 1799 2225 1068 1167 1144 1025 2293 725 2038 1410 1094 819 1845 1317 1234 1332 1153 846 1629 945 1045 662 672 0 
1359 2963 3554 785 3879 962 2744 1346 2731 792 1491 2798 3880 3701 1555 161 1546 342 667 2645 1153 134 1926 501 2552 976 2785 1773 3401 3499 1543 1586 3971 3110 2733 813 3873 594 3461 2630 4005 1481 3527 2986 1808 3415 1423 3866 917 3044 2468 3833 389 2638 2991 1176 2652 2075 1221 2270 2399 2413 1095 2656 784 682 1919 2975 2580 313 3949 1025 2873 1196 896 3971 2247 3801 361 1457 2578 3497 3003 710 3093 2709 2581 161 1645 721 1735 1198 1765 0 
2431 794 1633 3196 671 2811 1707 2403 1668 3173 2985 1890 216 1491 3057 3611 3068 3593 3094 1949 3178 3678 2478 3637 1397 3462 2025 2061 1477 1043 2384 2784 311 1585 2202 3569 603 3651 794 1115 1729 2329 1797 763 2696 1625 2609 1296 2852 753 1625 906 3356 1125 1725 2696 1757 1806 3288 2315 1554 2224 2719 1083 3320 3412 1839 991 1203 3676 1652 3156 932 3212 2860 260 2150 875 3413 2463 1349 245 1703 3313 993 2069 1630 3584 2213 3060 2578 2541 2090 3739 0 
2377 1201 826 3344 253 2773 1196 2496 1176 3050 2679 1312 715 655 2725 3633 2737 3522 3152 1422 2944 3703 2118 3523 1184 3679 1432 1963 720 307 2631 2481 708 931 1607 3386 308 3515 284 1375 884 2506 997 985 2336 855 2412 452 2819 840 1309 106 3380 1445 1098 2869 1276 1662 3024 1862 1341 1735 2646 1304 3484 3556 1849 770 1216 3743 806 2962 950 2962 2929 792 1742 68 3382 2694 1157 813 1075 3185 643 1497 1238 3595 2444 3017 2266 2575 1973 3735 847 0 
815 2093 3018 324 3124 610 2230 527 2201 934 1516 2349 3047 3123 1623 805 1620 997 326 2211 1317 860 1674 1144 1881 702 2381 1168 2833 2829 583 1485 3143 2573 2391 1316 3106 1219 2737 1773 3454 558 3033 2161 1668 2884 1155 3233 586 2247 1880 3123 589 1762 2493 216 2147 1446 1458 1964 1756 2074 742 1814 467 537 1179 2251 1809 808 3387 1171 2094 1382 237 3130 1863 3088 767 497 1893 2652 2499 1006 2388 2320 2019 802 702 634 1519 517 1184 960 2885 3020 0 
783 1911 1786 1821 2374 1003 1010 1200 1014 1036 510 1006 2558 1962 565 1781 577 1526 1476 853 798 1846 108 1467 1099 2238 971 684 1666 1882 1649 312 2626 1366 910 1261 2391 1432 1938 1627 2233 1420 1733 1781 214 1649 430 2174 1044 1746 886 2248 1576 1704 1221 1576 919 759 859 446 943 590 848 1594 1962 1973 974 1526 1345 1961 2187 856 1572 805 1352 2660 455 2226 1471 1636 1147 2261 1238 1143 1582 893 933 1728 1537 1160 99 1079 636 1824 2496 2169 1569 0 
1468 3156 3315 1499 3863 1154 2544 1684 2546 726 1053 2532 3972 3496 1058 951 1045 573 1210 2382 738 964 1612 397 2528 1786 2480 1808 3201 3401 2044 1229 4052 2901 2380 300 3872 313 3427 2823 3758 1899 3249 3109 1423 3179 1274 3709 1131 3124 2368 3762 1001 2862 2753 1717 2452 2072 693 1941 2364 2092 1190 2826 1550 1470 2053 2973 2666 1150 3716 719 2944 732 1352 4071 1989 3737 783 1971 2567 3624 2771 593 3058 2399 2445 905 2080 955 1436 1482 1779 842 3869 3677 1531 1535 0 
2643 1831 454 3701 894 3025 1231 2857 1240 3220 2713 1230 1396 268 2731 3890 2744 3712 3454 1379 3025 3960 2148 3679 1506 4072 1300 2236 569 644 3082 2532 1367 866 1437 3489 963 3652 875 1931 185 2921 572 1587 2345 584 2564 252 3072 1427 1515 642 3648 2018 1007 3263 1324 1941 3074 1828 1625 1679 2880 1853 3847 3904 2212 1227 1678 4029 121 3078 1477 3028 3249 1457 1773 671 3608 3132 1502 1512 990 3344 1074 1380 1391 3845 2895 3252 2327 2891 2232 3969 1546 703 3381 2228 3760 0 
