107
0 
400 0 
200 447 0 
283 632 200 0 
447 200 400 600 0 
283 283 200 400 200 0 
806 700 640 781 500 539 0 
750 850 550 585 680 585 403 0 
985 900 806 922 700 728 200 427 0 
922 922 728 806 728 700 283 250 200 0 
950 1031 750 776 850 776 472 200 403 206 0 
971 1124 776 750 960 850 650 283 602 403 200 0 
1500 1552 1300 1315 1360 1315 894 750 721 632 550 585 0 
1552 1500 1360 1432 1300 1315 800 850 600 632 680 814 400 0 
1700 1746 1500 1513 1552 1513 1077 950 894 825 750 776 200 447 0 
1712 1803 1513 1500 1616 1552 1166 971 1000 894 776 750 283 632 200 0 
1746 1700 1552 1616 1500 1513 1000 1031 800 825 850 960 447 200 400 600 0 
1712 1712 1513 1552 1513 1500 1020 971 825 800 776 850 283 283 200 400 200 0 
2300 2335 2100 2110 2138 2110 1649 1550 1456 1414 1350 1365 800 894 600 632 721 632 0 
2335 2300 2138 2184 2100 2110 1600 1601 1400 1414 1408 1477 894 800 721 849 600 632 400 0 
2500 2532 2300 2309 2335 2309 1844 1750 1649 1612 1550 1563 1000 1077 800 825 894 825 200 447 0 
2508 2571 2309 2300 2377 2335 1897 1761 1709 1649 1563 1550 1020 1166 825 800 1000 894 283 632 200 0 
2532 2500 2335 2377 2300 2309 1800 1795 1600 1612 1601 1662 1077 1000 894 1000 800 825 447 200 400 600 0 
2508 2508 2309 2335 2309 2300 1811 1761 1612 1600 1563 1601 1020 1020 825 894 825 800 283 283 200 400 200 0 
3100 3126 2900 2907 2927 2907 2433 2350 2236 2209 2150 2159 1600 1649 1400 1414 1456 1414 800 894 600 632 721 632 0 
3126 3100 2927 2961 2900 2907 2400 2384 2200 2209 2187 2232 1649 1600 1456 1523 1400 1414 894 800 721 849 600 632 400 0 
3300 3324 3100 3106 3126 3106 2631 2550 2433 2408 2350 2358 1800 1844 1600 1612 1649 1612 1000 1077 800 825 894 825 200 447 0 
3306 3354 3106 3100 3158 3126 2668 2558 2474 2433 2358 2350 1811 1897 1612 1600 1709 1649 1020 1166 825 800 1000 894 283 632 200 0 
3324 3300 3126 3158 3100 3106 2600 2581 2400 2408 2384 2425 1844 1800 1649 1709 1600 1612 1077 1000 894 1000 800 825 447 200 400 600 0 
3306 3306 3106 3126 3106 3100 2608 2558 2408 2400 2358 2384 1811 1811 1612 1649 1612 1600 1020 1020 825 894 825 800 283 283 200 400 200 0 
4000 4020 3800 3805 3821 3805 3324 3250 3126 3106 3050 3057 2500 2532 2300 2309 2335 2309 1700 1746 1500 1513 1552 1513 900 985 700 728 806 728 0 
4020 4000 3821 3847 3800 3805 3300 3275 3100 3106 3076 3108 2532 2500 2335 2377 2300 2309 1746 1700 1552 1616 1500 1513 985 900 806 922 700 728 400 0 
4200 4219 4000 4005 4020 4005 3523 3450 3324 3306 3250 3256 2700 2729 2500 2508 2532 2508 1900 1942 1700 1712 1746 1712 1100 1170 900 922 985 922 200 447 0 
4205 4243 4005 4000 4045 4020 3551 3456 3354 3324 3256 3250 2707 2766 2508 2500 2571 2532 1910 1992 1712 1700 1803 1746 1118 1253 922 900 1082 985 283 632 200 0 
4219 4200 4020 4045 4000 4005 3500 3473 3300 3306 3275 3305 2729 2700 2532 2571 2500 2508 1942 1900 1746 1803 1700 1712 1170 1100 985 1082 900 922 447 200 400 600 0 
4205 4205 4005 4020 4005 4000 3506 3456 3306 3300 3256 3275 2707 2707 2508 2532 2508 2500 1910 1910 1712 1746 1712 1700 1118 1118 922 985 922 900 283 283 200 400 200 0 
4900 4916 4700 4704 4717 4704 4219 4150 4020 4005 3950 3955 3400 3423 3200 3206 3225 3206 2600 2631 2400 2408 2433 2408 1800 1844 1600 1612 1649 1612 900 985 700 728 806 728 0 
4916 4900 4717 4738 4700 4704 4200 4169 4000 4005 3970 3995 3423 3400 3225 3256 3200 3206 2631 2600 2433 2474 2400 2408 1844 1800 1649 1709 1600 1612 985 900 806 922 700 728 400 0 
5100 5116 4900 4904 4916 4904 4418 4350 4219 4205 4150 4155 3600 3622 3400 3406 3423 3406 2800 2828 2600 2608 2631 2608 2000 2040 1800 1811 1844 1811 1100 1170 900 922 985 922 200 447 0 
5104 5135 4904 4900 4937 4916 4441 4355 4243 4219 4155 4150 3606 3650 3406 3400 3453 3423 2807 2864 2608 2600 2668 2631 2010 2088 1811 1800 1897 1844 1118 1253 922 900 1082 985 283 632 200 0 
5116 5100 4916 4937 4900 4904 4400 4368 4200 4205 4169 4193 3622 3600 3423 3453 3400 3406 2828 2800 2631 2668 2600 2608 2040 2000 1844 1897 1800 1811 1170 1100 985 1082 900 922 447 200 400 600 0 
5104 5104 4904 4916 4904 4900 4405 4355 4205 4200 4155 4169 3606 3606 3406 3423 3406 3400 2807 2807 2608 2631 2608 2600 2010 2010 1811 1844 1811 1800 1118 1118 922 985 922 900 283 283 200 400 200 0 
5800 5814 5600 5604 5614 5604 5116 5050 4916 4904 4850 4854 4300 4319 4100 4105 4119 4105 3500 3523 3300 3306 3324 3306 2700 2729 2500 2508 2532 2508 1800 1844 1600 1612 1649 1612 900 985 700 728 806 728 0 
5764 5750 5564 5582 5550 5554 5050 5016 4850 4854 4817 4837 4269 4250 4070 4094 4050 4055 3473 3450 3275 3305 3250 3256 2680 2650 2482 2522 2450 2458 1795 1750 1601 1662 1550 1563 939 850 763 885 650 680 403 0 
6000 6013 5800 5803 5814 5803 5315 5250 5116 5104 5050 5054 4500 4518 4300 4305 4319 4305 3700 3722 3500 3506 3523 3506 2900 2927 2700 2707 2729 2707 2000 2040 1800 1811 1844 1811 1100 1170 900 922 985 922 200 472 0 
6003 6030 5803 5800 5831 5814 5334 5254 5135 5116 5054 5050 4504 4540 4305 4300 4342 4319 3705 3748 3506 3500 3551 3523 2907 2961 2707 2700 2766 2729 2010 2088 1811 1800 1897 1844 1118 1253 922 900 1082 985 283 650 200 0 
5963 5950 5764 5781 5750 5753 5250 5215 5050 5054 5016 5036 4468 4450 4269 4292 4250 4255 3672 3650 3473 3502 3450 3456 2878 2850 2680 2717 2650 2658 1991 1950 1795 1850 1750 1761 1124 1050 939 1040 850 873 427 200 403 602 0 
5953 5953 5753 5764 5753 5750 5254 5204 5054 5050 5004 5016 4454 4454 4255 4269 4255 4250 3655 3655 3456 3473 3456 3450 2857 2857 2658 2680 2658 2650 1960 1960 1761 1795 1761 1750 1069 1069 873 939 873 850 250 283 206 403 200 0 
6600 6612 6400 6403 6412 6403 5914 5850 5714 5704 5650 5654 5100 5116 4900 4904 4916 4904 4300 4319 4100 4105 4119 4105 3500 3523 3300 3306 3324 3306 2600 2631 2400 2408 2433 2408 1700 1746 1500 1513 1552 1513 800 939 600 632 763 680 0 
6612 6600 6412 6428 6400 6403 5900 5864 5700 5704 5664 5682 5116 5100 4916 4937 4900 4904 4319 4300 4119 4144 4100 4105 3523 3500 3324 3354 3300 3306 2631 2600 2433 2474 2400 2408 1746 1700 1552 1616 1500 1513 894 850 721 849 650 680 400 0 
6800 6812 6600 6603 6612 6603 6113 6050 5914 5903 5850 5853 5300 5315 5100 5104 5116 5104 4500 4518 4300 4305 4319 4305 3700 3722 3500 3506 3523 3506 2800 2828 2600 2608 2631 2608 1900 1942 1700 1712 1746 1712 1000 1124 800 825 939 873 200 447 0 
6803 6826 6603 6600 6627 6612 6129 6053 5930 5914 5853 5850 5304 5334 5104 5100 5135 5116 4504 4540 4305 4300 4342 4319 3705 3748 3506 3500 3551 3523 2807 2864 2608 2600 2668 2631 1910 1992 1712 1700 1803 1746 1020 1209 825 800 1040 939 283 632 200 0 
6812 6800 6612 6627 6600 6603 6100 6063 5900 5903 5864 5881 5315 5300 5116 5135 5100 5104 4518 4500 4319 4342 4300 4305 3722 3700 3523 3551 3500 3506 2828 2800 2631 2668 2600 2608 1942 1900 1746 1803 1700 1712 1077 1050 894 1000 850 873 447 200 400 600 0 
6803 6803 6603 6612 6603 6600 6103 6053 5903 5900 5853 5864 5304 5304 5104 5116 5104 5100 4504 4504 4305 4319 4305 4300 3705 3705 3506 3523 3506 3500 2807 2807 2608 2631 2608 2600 1910 1910 1712 1746 1712 1700 1020 1069 825 894 873 850 283 283 200 400 200 0 
10087 9795 9953 10104 9657 9804 9323 9597 9193 9347 9472 9630 9143 8820 9028 9194 8701 8864 8704 8364 8602 8776 8258 8429 8318 7962 8231 8413 7871 8051 7959 7586 7891 8080 7514 7702 7688 7302 7641 7837 7252 7447 7517 7128 7493 7692 7101 7300 7453 7053 7450 7650 7050 7250 0 
9566 9258 9442 9600 9129 9285 8820 9114 8701 8864 9000 9167 8704 8364 8602 8776 8258 8429 8318 7962 8231 8413 7871 8051 7995 7623 7924 8112 7549 7736 7714 7328 7664 7859 7276 7470 7531 7135 7504 7703 7107 7306 7453 7054 7450 7650 7050 7250 7474 7075 7493 7692 7095 7294 800 0 
9028 8701 8917 9085 8586 8751 8310 8627 8206 8379 8528 8703 8274 7916 8189 8372 7827 8008 7959 7586 7891 8080 7514 7702 7714 7328 7664 7859 7276 7470 7531 7135 7504 7703 7107 7306 7453 7053 7450 7650 7050 7250 7483 7080 7504 7703 7101 7300 7600 7208 7641 7837 7252 7447 1700 900 0 
8552 8206 8456 8633 8106 8280 7871 8210 7784 7966 8128 8312 7924 7549 7858 8048 7480 7669 7688 7302 7641 7837 7252 7447 7531 7135 7504 7703 7107 7306 7453 7053 7450 7650 7050 7250 7483 7085 7504 7703 7107 7306 7620 7218 7664 7859 7264 7458 7827 7447 7891 8080 7514 7702 2600 1800 900 0 
8148 7784 8069 8254 7701 7885 7514 7874 7447 7637 7812 8003 7664 7276 7620 7816 7229 7424 7517 7121 7493 7692 7095 7294 7453 7053 7450 7650 7050 7250 7483 7085 7504 7703 7107 7306 7620 7229 7664 7859 7276 7470 7858 7464 7924 8112 7532 7719 8148 7784 8231 8413 7871 8051 3500 2700 1800 900 0 
7858 7480 7797 7988 7416 7606 7276 7653 7229 7424 7610 7805 7517 7121 7493 7692 7095 7294 7453 7053 7450 7650 7050 7250 7474 7075 7493 7692 7095 7294 7600 7208 7641 7837 7252 7447 7827 7447 7891 8080 7514 7702 8148 7763 8231 8413 7849 8029 8504 8156 8602 8776 8258 8429 4300 3500 2600 1700 800 0 
7641 7252 7600 7796 7208 7404 7121 7510 7095 7294 7488 7687 7453 7053 7450 7650 7050 7250 7474 7075 7493 7692 7095 7294 7580 7188 7620 7816 7229 7424 7797 7416 7858 8048 7480 7669 8108 7742 8189 8372 7827 8008 8504 8130 8602 8776 8232 8404 8917 8586 9028 9194 8701 8864 5100 4300 3400 2500 1600 800 0 
7510 7114 7488 7687 7090 7289 7054 7453 7050 7250 7450 7650 7470 7071 7488 7687 7090 7289 7571 7178 7610 7805 7218 7414 7754 7371 7812 8003 7431 7621 8050 7681 8128 8312 7763 7945 8432 8081 8528 8703 8181 8354 8890 8529 9000 9167 8643 8807 9350 9035 9472 9630 9161 9316 5850 5050 4150 3250 2350 1550 750 0 
7453 7053 7450 7650 7050 7250 7068 7470 7085 7284 7488 7687 7563 7169 7600 7796 7208 7404 7740 7356 7797 7988 7416 7606 7995 7623 8069 8254 7701 7885 8363 8009 8456 8633 8106 8280 8809 8473 8917 9085 8586 8751 9320 8972 9442 9600 9098 9253 9822 9522 9953 10104 9657 9804 6600 5800 4900 4000 3100 2300 1500 750 0 
7650 7250 7653 7853 7253 7453 7284 7687 7306 7504 7709 7907 7796 7404 7837 8032 7447 7641 7988 7606 8048 8238 7669 7858 8254 7885 8331 8515 7966 8148 8633 8280 8727 8903 8379 8552 9085 8751 9194 9361 8864 9028 9600 9253 9722 9880 9379 9534 10104 9804 10235 10386 9940 10087 6803 6003 5104 4205 3306 2508 1712 971 283 0 
8050 7650 8052 8252 7653 7853 7682 8085 7703 7901 8106 8305 8189 7796 8228 8423 7837 8032 8372 7988 8429 8620 8048 8238 8626 8254 8700 8886 8331 8515 8989 8633 9080 9258 8727 8903 9424 9085 9530 9699 9194 9361 9922 9570 10040 10201 9691 9850 10410 10104 10538 10691 10235 10386 6826 6030 5135 4243 3354 2571 1803 1124 632 400 0 
7653 7253 7650 7850 7250 7450 7267 7670 7284 7483 7687 7886 7760 7366 7796 7992 7404 7600 7933 7548 7988 8180 7606 7797 8181 7808 8254 8440 7885 8069 8542 8186 8633 8810 8280 8456 8978 8640 9085 9254 8751 8917 9481 9130 9600 9760 9253 9411 9974 9671 10104 10256 9804 9953 6603 5803 4904 4005 3106 2309 1513 776 200 200 447 0 
7853 7453 7850 8050 7450 7650 7467 7869 7483 7682 7886 8085 7957 7563 7992 8189 7600 7796 8126 7740 8180 8372 7797 7988 8369 7995 8440 8626 8069 8254 8721 8363 8810 8989 8456 8633 9149 8809 9254 9424 8917 9085 9643 9290 9760 9922 9411 9570 10128 9822 10256 10410 9953 10104 6612 5814 4916 4020 3126 2335 1552 850 400 283 283 200 0 
8052 7653 8050 8250 7650 7850 7666 8069 7682 7881 8085 8284 8154 7760 8189 8385 7796 7992 8319 7933 8372 8565 7988 8180 8556 8181 8626 8813 8254 8440 8902 8542 8989 9169 8633 8810 9322 8978 9424 9595 9085 9254 9806 9451 9922 10085 9570 9731 10284 9974 10410 10565 10104 10256 6627 5831 4937 4045 3158 2377 1616 960 600 447 200 400 200 0 
8080 7682 8066 8265 7666 7866 7650 8050 7653 7853 8054 8254 8090 7692 8112 8310 7715 7913 8207 7816 8249 8444 7859 8054 8400 8018 8459 8650 8080 8269 8700 8331 8778 8962 8413 8595 9080 8727 9174 9350 8825 8999 9530 9167 9638 9806 9278 9444 9981 9661 10100 10260 9784 9941 6129 5334 4441 3551 2668 1897 1166 650 781 806 700 640 539 500 0 
7687 7289 7670 7869 7271 7470 7250 7650 7252 7452 7653 7853 7687 7289 7709 7907 7312 7510 7805 7414 7848 8043 7458 7653 8003 7621 8064 8254 7685 7874 8312 7945 8392 8575 8029 8210 8703 8354 8800 8975 8455 8627 9167 8807 9278 9444 8922 9085 9630 9316 9753 9911 9443 9597 6053 5254 4355 3456 2558 1761 971 283 585 750 850 550 585 680 403 0 
7901 7504 7881 8080 7483 7682 7453 7851 7450 7650 7850 8050 7873 7474 7891 8090 7493 7692 7974 7580 8011 8207 7620 7816 8152 7768 8209 8400 7827 8018 8440 8069 8515 8700 8148 8331 8810 8456 8903 9080 8552 8727 9254 8890 9361 9530 9000 9167 9701 9380 9820 9981 9503 9661 5914 5116 4219 3324 2433 1649 894 403 806 922 922 728 700 728 283 250 0 
8100 7703 8080 8280 7682 7881 7653 8051 7650 7850 8050 8250 8072 7673 8090 8289 7692 7891 8171 7777 8207 8404 7816 8011 8345 7960 8400 8592 8018 8209 8626 8254 8700 8886 8331 8515 8989 8633 9080 9258 8727 8903 9424 9058 9530 9699 9167 9334 9864 9540 9981 10143 9661 9820 5930 5135 4243 3354 2474 1709 1000 602 922 985 900 806 728 700 200 427 200 0 
7709 7312 7687 7886 7289 7488 7254 7653 7250 7450 7650 7850 7670 7271 7687 7886 7289 7488 7768 7375 7805 8002 7414 7610 7946 7562 8003 8194 7621 7812 8236 7865 8312 8496 7945 8128 8610 8256 8703 8879 8354 8528 9058 8695 9167 9334 8807 8972 9510 9192 9630 9790 9316 9472 5853 5054 4155 3256 2358 1563 776 200 776 950 1031 750 776 850 472 200 206 403 0 
7796 7404 7760 7957 7366 7563 7294 7687 7275 7474 7670 7869 7650 7250 7653 7853 7253 7453 7692 7294 7715 7913 7319 7517 7816 7424 7859 8054 7470 7664 8048 7669 8112 8301 7736 7924 8372 8008 8455 8636 8095 8274 8776 8404 8875 9048 8507 8678 9194 8864 9307 9472 8981 9143 5304 4504 3606 2707 1811 1020 283 585 1315 1500 1552 1300 1315 1360 894 750 632 721 550 0 
8189 7796 8154 8352 7760 7957 7692 8085 7673 7873 8069 8268 8050 7650 8052 8252 7653 7853 8090 7692 8112 8310 7715 7913 8207 7816 8249 8444 7859 8054 8429 8048 8491 8681 8112 8301 8739 8372 8818 9001 8455 8636 9126 8751 9222 9397 8850 9024 9530 9194 9638 9806 9307 9472 5334 4540 3650 2766 1897 1166 632 814 1432 1552 1500 1360 1315 1300 800 850 632 600 680 400 0 
7837 7447 7796 7992 7404 7600 7319 7709 7294 7493 7687 7886 7653 7253 7650 7850 7250 7450 7673 7275 7692 7891 7294 7493 7777 7384 7816 8011 7424 7620 7988 7606 8048 8238 7669 7858 8292 7925 8372 8555 8008 8189 8679 8305 8776 8951 8404 8577 9085 8751 9194 9361 8864 9028 5104 4305 3406 2508 1612 825 200 776 1513 1700 1746 1500 1513 1552 1077 950 825 894 750 200 447 0 
8032 7641 7992 8189 7600 7796 7517 7907 7493 7692 7886 8085 7853 7453 7850 8050 7450 7650 7873 7474 7891 8090 7493 7692 7974 7580 8011 8207 7620 7816 8180 7797 8238 8429 7858 8048 8477 8108 8555 8739 8189 8372 8856 8480 8951 9126 8577 8751 9254 8917 9361 9530 9028 9194 5116 4319 3423 2532 1649 894 400 850 1552 1712 1712 1513 1500 1513 1020 971 800 825 776 283 283 200 0 
8228 7837 8189 8385 7796 7992 7715 8106 7692 7891 8085 8284 8052 7653 8050 8250 7650 7850 8072 7673 8090 8289 7692 7891 8171 7777 8207 8404 7816 8011 8372 7988 8429 8620 8048 8238 8663 8292 8739 8923 8372 8555 9034 8656 9126 9303 8751 8927 9424 9085 9530 9699 9194 9361 5135 4342 3453 2571 1709 1000 600 960 1616 1746 1700 1552 1513 1500 1000 1031 825 800 850 447 200 400 200 0 
7988 7606 7933 8126 7548 7740 7424 7805 7384 7580 7768 7965 7692 7294 7673 7873 7275 7474 7650 7250 7653 7853 7253 7453 7692 7294 7715 7913 7319 7517 7837 7447 7882 8077 7495 7688 8080 7702 8146 8334 7772 7959 8413 8029 8498 8678 8117 8296 8776 8429 8875 9048 8533 8704 4504 3705 2807 1910 1020 283 632 1365 2110 2300 2335 2100 2110 2138 1649 1550 1414 1456 1350 800 894 600 632 721 0 
8372 7988 8319 8513 7933 8126 7816 8198 7777 7974 8162 8360 8090 7692 8072 8272 7673 7873 8050 7650 8052 8252 7653 7853 8090 7692 8112 8310 7715 7913 8228 7837 8271 8466 7882 8077 8459 8080 8523 8712 8146 8334 8778 8392 8860 9042 8476 8657 9126 8776 9222 9397 8875 9048 4540 3748 2864 1992 1166 632 849 1477 2184 2335 2300 2138 2110 2100 1600 1601 1414 1400 1408 894 800 721 632 600 400 0 
8048 7669 7988 8180 7606 7797 7470 7848 7424 7620 7805 8002 7715 7319 7692 7891 7294 7493 7653 7253 7650 7850 7250 7450 7673 7275 7692 7891 7294 7493 7796 7404 7837 8032 7447 7641 8018 7637 8080 8269 7702 7891 8331 7945 8413 8595 8029 8210 8679 8329 8776 8951 8429 8602 4305 3506 2608 1712 825 200 825 1563 2309 2500 2532 2300 2309 2335 1844 1750 1612 1649 1550 1000 1077 800 825 894 200 447 0 
8238 7858 8180 8372 7797 7988 7664 8043 7620 7816 8002 8198 7913 7517 7891 8090 7493 7692 7853 7453 7850 8050 7450 7650 7873 7474 7891 8090 7493 7692 7992 7600 8032 8228 7641 7837 8209 7827 8269 8459 7891 8080 8515 8128 8595 8778 8210 8392 8856 8504 8951 9126 8602 8776 4319 3523 2631 1746 894 400 894 1601 2335 2508 2508 2309 2300 2309 1811 1761 1600 1612 1563 1020 1020 825 800 825 283 283 200 0 
8429 8048 8372 8565 7988 8180 7859 8238 7816 8011 8198 8394 8112 7715 8090 8289 7692 7891 8052 7653 8050 8250 7650 7850 8072 7673 8090 8289 7692 7891 8189 7796 8228 8423 7837 8032 8400 8018 8459 8650 8080 8269 8700 8312 8778 8962 8392 8575 9034 8679 9126 9303 8776 8951 4342 3551 2668 1803 1000 600 1000 1662 2377 2532 2500 2335 2309 2300 1800 1795 1612 1600 1601 1077 1000 894 825 800 447 200 400 200 0 
8254 7885 8181 8369 7808 7995 7637 8003 7576 7768 7946 8139 7816 7424 7777 7974 7384 7580 7692 7294 7673 7873 7275 7474 7650 7250 7653 7853 7253 7453 7703 7306 7729 7927 7333 7531 7859 7470 7907 8101 7521 7714 8112 7719 8181 8369 7790 7977 8413 8051 8498 8678 8140 8318 3705 2907 2010 1118 283 632 1414 2159 2907 3100 3126 2900 2907 2927 2433 2350 2209 2236 2150 1600 1649 1400 1414 1456 800 894 600 632 721 0 
8626 8254 8556 8745 8181 8369 8018 8386 7960 8152 8332 8526 8207 7816 8171 8368 7777 7974 8090 7692 8072 8272 7673 7873 8050 7650 8052 8252 7653 7853 8100 7703 8125 8323 7729 7927 8249 7859 8295 8489 7907 8101 8491 8096 8556 8745 8164 8351 8778 8413 8860 9042 8498 8678 3748 2961 2088 1253 632 849 1523 2232 2961 3126 3100 2927 2907 2900 2400 2384 2209 2200 2187 1649 1600 1456 1414 1400 894 800 721 632 600 400 0 
8331 7966 8254 8440 7885 8069 7702 8064 7637 7827 8003 8194 7859 7470 7816 8011 7424 7620 7715 7319 7692 7891 7294 7493 7653 7253 7650 7850 7250 7450 7682 7284 7703 7901 7306 7504 7816 7424 7859 8054 7470 7664 8048 7653 8112 8301 7719 7907 8331 7966 8413 8595 8051 8231 3506 2707 1811 922 200 825 1612 2358 3106 3300 3324 3100 3106 3126 2631 2550 2408 2433 2350 1800 1844 1600 1612 1649 1000 1077 800 825 894 200 447 0 
8515 8148 8440 8626 8069 8254 7891 8254 7827 8018 8194 8386 8054 7664 8011 8207 7620 7816 7913 7517 7891 8090 7493 7692 7853 7453 7850 8050 7450 7650 7881 7483 7901 8100 7504 7703 8011 7620 8054 8249 7664 7859 8238 7843 8301 8491 7907 8096 8515 8148 8595 8778 8231 8413 3523 2729 1844 985 400 894 1649 2384 3126 3306 3306 3106 3100 3106 2608 2558 2400 2408 2358 1811 1811 1612 1600 1612 1020 1020 825 800 825 283 283 200 0 
8700 8331 8626 8813 8254 8440 8080 8444 8018 8209 8386 8578 8249 7859 8207 8404 7816 8011 8112 7715 8090 8289 7692 7891 8052 7653 8050 8250 7650 7850 8080 7682 8100 8299 7703 7901 8207 7816 8249 8444 7859 8054 8429 8033 8491 8681 8096 8285 8700 8331 8778 8962 8413 8595 3551 2766 1897 1082 600 1000 1709 2425 3158 3324 3300 3126 3106 3100 2600 2581 2408 2400 2384 1844 1800 1649 1612 1600 1077 1000 894 825 800 447 200 400 200 0 
8633 8280 8542 8721 8186 8363 7966 8312 7885 8069 8236 8422 8048 7669 7988 8180 7606 7797 7837 7447 7796 7992 7404 7600 7703 7306 7682 7881 7284 7483 7650 7250 7653 7853 7253 7453 7703 7306 7729 7927 7333 7531 7859 7458 7907 8101 7508 7701 8080 7702 8146 8334 7772 7959 2807 2010 1118 283 728 1513 2309 3057 3805 4000 4020 3800 3805 3821 3324 3250 3106 3126 3050 2500 2532 2300 2309 2335 1700 1746 1500 1513 1552 900 985 700 728 806 0 
8989 8633 8902 9083 8542 8721 8331 8681 8254 8440 8608 8796 8429 8048 8372 8565 7988 8180 8228 7837 8189 8385 7796 7992 8100 7703 8080 8280 7682 7881 8050 7650 8052 8252 7653 7853 8100 7703 8125 8323 7729 7927 8249 7848 8295 8489 7895 8089 8459 8080 8523 8712 8146 8334 2864 2088 1253 632 922 1616 2377 3108 3847 4020 4000 3821 3805 3800 3300 3275 3106 3100 3076 2532 2500 2335 2309 2300 1746 1700 1552 1513 1500 985 900 806 728 700 400 0 
8727 8379 8633 8810 8280 8456 8051 8392 7966 8148 8312 8496 8112 7736 8048 8238 7669 7858 7882 7495 7837 8032 7447 7641 7729 7333 7703 7901 7306 7504 7653 7253 7650 7850 7250 7450 7682 7284 7703 7901 7306 7504 7816 7414 7859 8054 7458 7653 8018 7637 8080 8269 7702 7891 2608 1811 922 200 922 1712 2508 3256 4005 4200 4219 4000 4005 4020 3523 3450 3306 3324 3250 2700 2729 2500 2508 2532 1900 1942 1700 1712 1746 1100 1170 900 922 985 200 447 0 
8903 8552 8810 8989 8456 8633 8231 8575 8148 8331 8496 8681 8301 7924 8238 8429 7858 8048 8077 7688 8032 8228 7641 7837 7927 7531 7901 8100 7504 7703 7853 7453 7850 8050 7450 7650 7881 7483 7901 8100 7504 7703 8011 7610 8054 8249 7653 7848 8209 7827 8269 8459 7891 8080 2631 1844 985 400 985 1746 2532 3275 4020 4205 4205 4005 4000 4005 3506 3456 3300 3306 3256 2707 2707 2508 2500 2508 1910 1910 1712 1700 1712 1118 1118 922 900 922 283 283 200 0 
9080 8727 8989 9169 8633 8810 8413 8758 8331 8515 8681 8867 8491 8112 8429 8620 8048 8238 8271 7882 8228 8423 7837 8032 8125 7729 8100 8299 7703 7901 8052 7653 8050 8250 7650 7850 8080 7682 8100 8299 7703 7901 8207 7805 8249 8444 7848 8043 8400 8018 8459 8650 8080 8269 2668 1897 1082 600 1082 1803 2571 3305 4045 4219 4200 4020 4005 4000 3500 3473 3306 3300 3275 2729 2700 2532 2508 2500 1942 1900 1746 1712 1700 1170 1100 985 922 900 447 200 400 200 0 
9085 8751 8978 9149 8640 8809 8379 8703 8280 8456 8610 8788 8372 8008 8292 8477 7925 8108 8080 7702 8018 8209 7637 7827 7859 7470 7816 8011 7424 7620 7703 7306 7682 7881 7284 7483 7650 7250 7653 7853 7253 7453 7703 7300 7729 7927 7326 7524 7837 7447 7882 8077 7495 7688 1910 1118 283 728 1612 2408 3206 3955 4704 4900 4916 4700 4704 4717 4219 4150 4005 4020 3950 3400 3423 3200 3206 3225 2600 2631 2400 2408 2433 1800 1844 1600 1612 1649 900 985 700 728 806 0 
9424 9085 9322 9495 8978 9149 8727 9057 8633 8810 8967 9147 8739 8372 8663 8849 8292 8477 8459 8080 8400 8592 8018 8209 8249 7859 8207 8404 7816 8011 8100 7703 8080 8280 7682 7881 8050 7650 8052 8252 7653 7853 8100 7697 8125 8323 7722 7920 8228 7837 8271 8466 7882 8077 1992 1253 632 922 1709 2474 3256 3995 4738 4916 4900 4717 4704 4700 4200 4169 4005 4000 3970 3423 3400 3225 3206 3200 2631 2600 2433 2408 2400 1844 1800 1649 1612 1600 985 900 806 728 700 400 0 
9194 8864 9085 9254 8751 8917 8481 8800 8379 8552 8703 8879 8455 8095 8372 8555 8008 8189 8146 7772 8080 8269 7702 7891 7907 7521 7859 8054 7470 7664 7729 7333 7703 7901 7306 7504 7653 7253 7650 7850 7250 7450 7682 7279 7703 7901 7300 7498 7796 7404 7837 8032 7447 7641 1712 922 200 922 1811 2608 3406 4155 4904 5100 5116 4900 4904 4916 4418 4350 4205 4219 4150 3600 3622 3400 3406 3423 2800 2828 2600 2608 2631 2000 2040 1800 1811 1844 1100 1170 900 922 985 200 447 0 
9361 9028 9254 9424 8917 9085 8652 8975 8552 8727 8879 9057 8636 8274 8555 8739 8189 8372 8334 7959 8269 8459 7891 8080 8101 7714 8054 8249 7664 7859 7927 7531 7901 8100 7504 7703 7853 7453 7850 8050 7450 7650 7881 7478 7901 8100 7498 7697 7992 7600 8032 8228 7641 7837 1746 985 400 985 1844 2631 3423 4169 4916 5104 5104 4904 4900 4904 4405 4355 4200 4205 4155 3606 3606 3406 3400 3406 2807 2807 2608 2600 2608 2010 2010 1811 1800 1811 1118 1118 922 900 922 283 283 200 0 
9530 9194 9424 9595 9085 9254 8825 9150 8727 8903 9057 9235 8818 8455 8739 8923 8372 8555 8523 8146 8459 8650 8080 8269 8295 7907 8249 8444 7859 8054 8125 7729 8100 8299 7703 7901 8052 7653 8050 8250 7650 7850 8080 7678 8100 8299 7697 7896 8189 7796 8228 8423 7837 8032 1803 1082 600 1082 1897 2668 3453 4193 4937 5116 5100 4916 4904 4900 4400 4368 4205 4200 4169 3622 3600 3423 3406 3400 2828 2800 2631 2608 2600 2040 2000 1844 1811 1800 1170 1100 985 922 900 447 200 400 200 0 
9600 9285 9481 9643 9161 9320 8864 9167 8751 8917 9058 9227 8776 8429 8679 8856 8329 8504 8413 8051 8331 8515 7966 8148 8112 7736 8048 8238 7669 7858 7859 7470 7816 8011 7424 7620 7703 7306 7682 7881 7284 7483 7650 7250 7653 7853 7252 7452 7692 7294 7715 7913 7319 7517 1020 283 728 1612 2508 3306 4105 4854 5604 5800 5814 5600 5604 5614 5116 5050 4904 4916 4850 4300 4319 4100 4105 4119 3500 3523 3300 3306 3324 2700 2729 2500 2508 2532 1800 1844 1600 1612 1649 900 985 700 728 806 0 
9893 9570 9778 9943 9451 9614 9167 9476 9058 9227 9372 9545 9103 8751 9011 9190 8656 8833 8758 8392 8681 8867 8312 8496 8475 8096 8415 8606 8033 8223 8238 7848 8198 8394 7805 8002 8095 7697 8076 8276 7678 7877 8050 7650 8054 8254 7653 7853 8095 7697 8118 8317 7722 7920 1209 650 885 1662 2522 3305 4094 4837 5582 5764 5750 5564 5554 5550 5050 5016 4854 4850 4817 4269 4250 4070 4055 4050 3473 3450 3275 3256 3250 2680 2650 2482 2458 2450 1795 1750 1601 1563 1550 939 850 763 680 650 403 0 
9722 9411 9600 9760 9285 9442 8981 9278 8864 9028 9167 9334 8875 8533 8776 8951 8429 8602 8498 8140 8413 8595 8051 8231 8181 7808 8112 8301 7736 7924 7907 7521 7859 8054 7470 7664 7729 7333 7703 7901 7306 7504 7653 7254 7650 7850 7250 7450 7673 7275 7692 7891 7294 7493 825 200 922 1811 2707 3506 4305 5054 5803 6000 6013 5800 5803 5814 5315 5250 5104 5116 5050 4500 4518 4300 4305 4319 3700 3722 3500 3506 3523 2900 2927 2700 2707 2729 2000 2040 1800 1811 1844 1100 1170 900 922 985 200 472 0 
9850 9534 9731 9893 9411 9570 9114 9416 9000 9167 9307 9476 9024 8678 8927 9103 8577 8751 8657 8296 8575 8758 8210 8392 8351 7977 8285 8475 7907 8096 8089 7701 8043 8238 7653 7848 7920 7524 7896 8095 7498 7697 7851 7453 7850 8050 7450 7650 7877 7478 7896 8095 7498 7697 939 403 939 1795 2680 3473 4269 5016 5764 5953 5953 5753 5750 5753 5254 5204 5050 5054 5004 4454 4454 4255 4250 4255 3655 3655 3456 3450 3456 2857 2857 2658 2650 2658 1960 1960 1761 1750 1761 1069 1069 873 850 873 250 283 206 0 
10010 9691 9893 10056 9570 9731 9278 9583 9167 9334 9476 9647 9198 8850 9103 9280 8751 8927 8839 8476 8758 8942 8392 8575 8540 8164 8475 8665 8096 8285 8283 7895 8238 8434 7848 8043 8118 7722 8095 8294 7697 7896 8051 7653 8050 8250 7650 7850 8076 7678 8095 8294 7697 7896 1040 602 1040 1850 2717 3502 4292 5036 5781 5963 5950 5764 5753 5750 5250 5215 5054 5050 5016 4468 4450 4269 4255 4250 3672 3650 3473 3456 3450 2878 2850 2680 2658 2650 1991 1950 1795 1761 1750 1124 1050 939 873 850 427 200 403 200 0 
10104 9804 9974 10128 9671 9822 9347 9630 9222 9380 9510 9672 9194 8864 9085 9254 8751 8917 8776 8429 8679 8856 8329 8504 8413 8051 8331 8515 7966 8148 8080 7702 8018 8209 7637 7827 7837 7447 7796 7992 7404 7600 7692 7300 7673 7873 7279 7478 7650 7250 7653 7853 7253 7453 283 632 1513 2408 3306 4105 4904 5654 6403 6600 6612 6400 6403 6412 5914 5850 5704 5714 5650 5100 5116 4900 4904 4916 4300 4319 4100 4105 4119 3500 3523 3300 3306 3324 2600 2631 2400 2408 2433 1700 1746 1500 1513 1552 800 939 600 680 763 0 
10410 10104 10284 10441 9974 10128 9661 9951 9540 9701 9835 9999 9530 9194 9424 9595 9085 9254 9126 8776 9034 9213 8679 8856 8778 8413 8700 8886 8331 8515 8459 8080 8400 8592 8018 8209 8228 7837 8189 8385 7796 7992 8090 7697 8072 8272 7678 7877 8050 7650 8052 8252 7653 7853 632 849 1616 2474 3354 4144 4937 5682 6428 6612 6600 6412 6403 6400 5900 5864 5704 5700 5664 5116 5100 4916 4904 4900 4319 4300 4119 4105 4100 3523 3500 3324 3306 3300 2631 2600 2433 2408 2400 1746 1700 1552 1513 1500 894 850 721 680 650 400 0 
10235 9940 10104 10256 9804 9953 9475 9753 9347 9503 9630 9790 9307 8981 9194 9361 8864 9028 8875 8533 8776 8951 8429 8602 8498 8140 8413 8595 8051 8231 8146 7772 8080 8269 7702 7891 7882 7495 7837 8032 7447 7641 7715 7326 7692 7891 7300 7498 7653 7253 7650 7850 7250 7450 200 825 1712 2608 3506 4305 5104 5853 6603 6800 6812 6600 6603 6612 6113 6050 5903 5914 5850 5300 5315 5100 5104 5116 4500 4518 4300 4305 4319 3700 3722 3500 3506 3523 2800 2828 2600 2608 2631 1900 1942 1700 1712 1746 1000 1124 800 873 939 200 447 0 
10386 10087 10256 10410 9953 10104 9629 9911 9503 9661 9790 9951 9472 9143 9361 9530 9028 9194 9048 8704 8951 9126 8602 8776 8678 8318 8595 8778 8231 8413 8334 7959 8269 8459 7891 8080 8077 7688 8032 8228 7641 7837 7913 7524 7891 8090 7498 7697 7853 7453 7850 8050 7450 7650 400 894 1746 2631 3523 4319 5116 5864 6612 6803 6803 6603 6600 6603 6103 6053 5900 5903 5853 5304 5304 5104 5100 5104 4504 4504 4305 4300 4305 3705 3705 3506 3500 3506 2807 2807 2608 2600 2608 1910 1910 1712 1700 1712 1020 1069 825 850 873 283 283 200 0 
